time	V(n008)	-Id(M1)
0.000000000000000e+00	0.000000e+00	1.001600e-02
7.314285507423590e-08	0.000000e+00	1.001965e-02
1.462857101484718e-07	0.000000e+00	1.002330e-02
2.194285652227077e-07	0.000000e+00	1.002696e-02
2.925714202969436e-07	0.000000e+00	1.003061e-02
3.657142753711795e-07	0.000000e+00	1.003427e-02
4.388571304454154e-07	0.000000e+00	1.003792e-02
5.119999855196511e-07	0.000000e+00	1.004157e-02
1.023999971039302e-06	0.000000e+00	1.006715e-02
2.047999942078604e-06	0.000000e+00	1.011830e-02
4.095999884157209e-06	0.000000e+00	1.022059e-02
8.191999768314417e-06	0.000000e+00	1.042519e-02
9.943486222755374e-02	0.000000e+00	4.976787e+00
9.956593422755373e-02	0.000000e+00	4.983334e+00
9.956593422755516e-02	0.000000e+00	4.983334e+00
9.956593422755707e-02	0.000000e+00	4.983334e+00
9.956593422756088e-02	0.000000e+00	4.983334e+00
9.956593422758378e-02	0.000000e+00	4.983334e+00
9.956593422758760e-02	0.000000e+00	4.983334e+00
9.956593422759523e-02	0.000000e+00	4.983334e+00
9.956593422759713e-02	0.000000e+00	4.983334e+00
9.956593422760095e-02	0.000000e+00	4.983334e+00
9.956593422760858e-02	0.000000e+00	4.983334e+00
9.956593422762385e-02	0.000000e+00	4.983334e+00
9.956593422765436e-02	0.000000e+00	4.983334e+00
9.956593422771540e-02	0.000000e+00	4.983334e+00
9.956593423265052e-02	0.000000e+00	4.983334e+00
9.956593423758565e-02	0.000000e+00	4.983334e+00
9.956593424252078e-02	0.000000e+00	4.983334e+00
9.956593424745590e-02	0.000000e+00	4.983334e+00
9.956593425239102e-02	0.000000e+00	4.983334e+00
9.956593425732616e-02	0.000000e+00	4.983334e+00
9.956593426226128e-02	0.000000e+00	4.983334e+00
9.963147023101128e-02	0.000000e+00	4.986607e+00
9.969700623101128e-02	0.000000e+00	4.989881e+00
9.969700623101165e-02	0.000000e+00	4.989881e+00
9.969700623101212e-02	0.000000e+00	4.989881e+00
9.969700623101306e-02	0.000000e+00	4.989881e+00
9.969700623101496e-02	0.000000e+00	4.989881e+00
9.969700623101876e-02	0.000000e+00	4.989881e+00
9.969700623102636e-02	0.000000e+00	4.989881e+00
9.969700623104154e-02	0.000000e+00	4.989881e+00
9.969700623107190e-02	0.000000e+00	4.989881e+00
9.969700623113265e-02	0.000000e+00	4.989881e+00
9.971977461517710e-02	0.000000e+00	4.991018e+00
9.971977461521227e-02	0.000000e+00	4.991018e+00
9.971977461524743e-02	0.000000e+00	4.991018e+00
9.971977461528260e-02	0.000000e+00	4.991018e+00
9.971977461531775e-02	0.000000e+00	4.991018e+00
9.971977461535292e-02	0.000000e+00	4.991018e+00
9.971977461538808e-02	0.000000e+00	4.991018e+00
9.971977461542325e-02	0.000000e+00	4.991018e+00
9.971977461545502e-02	0.000000e+00	4.991018e+00
9.971977461589973e-02	0.000000e+00	4.991018e+00
1.000112773529057e-01	0.000000e+00	5.005579e+00
1.000195415154937e-01	0.000000e+00	5.005991e+00
1.000203162807363e-01	0.000000e+00	5.006030e+00
1.000216075561407e-01	0.000000e+00	5.006094e+00
1.000229726187110e-01	0.000000e+00	5.006163e+00
1.000243376812814e-01	0.000000e+00	5.006231e+00
1.000257027438517e-01	0.000000e+00	5.006299e+00
1.000270678064221e-01	0.000000e+00	5.006367e+00
1.000284328689924e-01	0.000000e+00	5.006436e+00
1.000297979315628e-01	0.000000e+00	5.006504e+00
1.000311629941331e-01	0.000000e+00	5.006572e+00
1.000629468158724e-01	0.000000e+00	5.008160e+00
1.000947306376116e-01	0.000000e+00	5.009747e+00
1.001265144593509e-01	0.000000e+00	5.011335e+00
1.001582982810901e-01	0.000000e+00	5.012923e+00
1.001900821028294e-01	0.000000e+00	5.014510e+00
1.002218659245686e-01	0.000000e+00	5.016098e+00
1.002536497463078e-01	0.000000e+00	5.017685e+00
1.002539080013887e-01	0.000000e+00	5.017698e+00
1.002607517610319e-01	0.000000e+00	5.018040e+00
1.002675955206752e-01	0.000000e+00	5.018382e+00
1.002744392803184e-01	0.000000e+00	5.018724e+00
1.002812830399616e-01	0.000000e+00	5.019066e+00
1.002881267996048e-01	0.000000e+00	5.019407e+00
1.002949705592480e-01	0.000000e+00	5.019749e+00
1.003018143188912e-01	0.000000e+00	5.020091e+00
1.003138417005833e-01	0.000000e+00	5.020694e+00
1.003258690822754e-01	0.000000e+00	5.021296e+00
1.003378964639675e-01	0.000000e+00	5.021896e+00
1.003499238456596e-01	0.000000e+00	5.022495e+00
1.003619512273517e-01	0.000000e+00	5.023092e+00
1.003739786090437e-01	0.000000e+00	5.023688e+00
1.003860059907358e-01	0.000000e+00	5.024282e+00
1.003860840292031e-01	0.000000e+00	5.024293e+00
1.003861367780938e-01	0.000000e+00	5.024301e+00
1.003861871112232e-01	0.000000e+00	5.024303e+00
1.003862085749839e-01	0.000000e+00	5.024305e+00
1.003862412407617e-01	0.000000e+00	5.024305e+00
1.003862934884902e-01	0.000000e+00	5.024224e+00
1.003863460210734e-01	0.000000e+00	5.024062e+00
1.003863807611921e-01	0.000000e+00	5.024097e+00
1.003864001823026e-01	0.000000e+00	5.024241e+00
1.003864123642329e-01	0.000000e+00	5.024786e+00
1.003864209777863e-01	0.000000e+00	5.025131e+00
1.003864278680365e-01	0.000000e+00	5.024729e+00
1.003864345720603e-01	0.000000e+00	5.024920e+00
1.003864409129017e-01	0.000000e+00	5.025455e+00
1.003864467726344e-01	0.000000e+00	5.024880e+00
1.003864529228527e-01	0.000000e+00	5.024289e+00
1.003864652232891e-01	0.000000e+00	5.024300e+00
1.003864807868417e-01	0.000000e+00	5.024314e+00
1.003864968991431e-01	0.000000e+00	5.024309e+00
1.003865160301193e-01	0.000000e+00	5.024301e+00
1.003865417481607e-01	0.000000e+00	5.024302e+00
1.003865931842435e-01	0.000000e+00	5.024304e+00
1.003866763306158e-01	0.000000e+00	5.024291e+00
1.003867625316403e-01	0.000000e+00	5.024271e+00
1.003868886645642e-01	0.000000e+00	5.024245e+00
1.003870656319741e-01	0.000000e+00	5.024209e+00
1.003873173659321e-01	0.000000e+00	5.024156e+00
1.003876721272392e-01	0.000000e+00	5.024082e+00
1.003881740198732e-01	0.000000e+00	5.023976e+00
1.003888890017349e-01	0.000000e+00	5.023825e+00
1.003899018124603e-01	0.000000e+00	5.023611e+00
1.003913456174475e-01	0.000000e+00	5.023305e+00
1.003933952430143e-01	0.000000e+00	5.022868e+00
1.003937604598424e-01	0.000000e+00	5.022789e+00
1.004167071161041e-01	0.000000e+00	5.017918e+00
1.004396537723659e-01	0.000000e+00	5.013051e+00
1.004626004286276e-01	0.000000e+00	5.008186e+00
1.004855470848894e-01	0.000000e+00	5.003323e+00
1.005084937411511e-01	0.000000e+00	4.998463e+00
1.005314403974129e-01	0.000000e+00	4.993605e+00
1.005543870536746e-01	0.000000e+00	4.988750e+00
1.005578939023355e-01	0.000000e+00	4.988008e+00
1.005614007509963e-01	0.000000e+00	4.987266e+00
1.005649075996572e-01	0.000000e+00	4.986524e+00
1.005684144483181e-01	0.000000e+00	4.985783e+00
1.005719212969789e-01	0.000000e+00	4.985041e+00
1.005754281456398e-01	0.000000e+00	4.984299e+00
1.005789349943007e-01	0.000000e+00	4.983558e+00
1.005937006728727e-01	0.000000e+00	4.980436e+00
1.006084663514448e-01	0.000000e+00	4.977316e+00
1.006232320300168e-01	0.000000e+00	4.974197e+00
1.006379977085889e-01	0.000000e+00	4.971078e+00
1.006527633871609e-01	0.000000e+00	4.967961e+00
1.006675290657330e-01	0.000000e+00	4.964844e+00
1.006822947443051e-01	0.000000e+00	4.961729e+00
1.006830330282337e-01	0.000000e+00	4.961573e+00
1.006870935898410e-01	0.000000e+00	4.960717e+00
1.006874627318053e-01	0.000000e+00	4.960639e+00
1.006882010157339e-01	0.000000e+00	4.960483e+00
1.006895264676948e-01	0.000000e+00	4.960203e+00
1.006907649602008e-01	0.000000e+00	4.959942e+00
1.006970275649351e-01	0.000000e+00	4.958622e+00
1.007037896211828e-01	0.000000e+00	4.957195e+00
1.018495431027755e-01	0.000000e+00	4.718997e+00
1.029952965843682e-01	0.000000e+00	4.486747e+00
1.041410500659609e-01	0.000000e+00	4.260444e+00
1.052868035475536e-01	0.000000e+00	4.040089e+00
1.064325570291463e-01	0.000000e+00	3.825681e+00
1.075783105107390e-01	0.000000e+00	3.617221e+00
1.087240639923317e-01	0.000000e+00	3.414708e+00
1.087315603318335e-01	0.000000e+00	3.413400e+00
1.100096862168924e-01	0.000000e+00	3.194138e+00
1.112878121019512e-01	0.000000e+00	2.981448e+00
1.125659379870100e-01	0.000000e+00	2.775331e+00
1.138440638720688e-01	0.000000e+00	2.575786e+00
1.151221897571277e-01	0.000000e+00	2.382813e+00
1.164003156421865e-01	0.000000e+00	2.196413e+00
1.176784415272453e-01	0.000000e+00	2.016586e+00
1.176934342062489e-01	0.000000e+00	2.014510e+00
1.194213404614164e-01	0.000000e+00	1.781179e+00
1.211492467165838e-01	0.000000e+00	1.558843e+00
1.228771529717512e-01	0.000000e+00	1.347503e+00
1.246050592269187e-01	0.000000e+00	1.147159e+00
1.263329654820861e-01	0.000000e+00	9.578099e-01
1.280608717372536e-01	0.000000e+00	7.794566e-01
1.297887779924210e-01	0.000000e+00	6.120989e-01
1.298187633504282e-01	0.000000e+00	6.092941e-01
1.305566173385351e-01	0.000000e+00	5.411211e-01
1.312944713266420e-01	0.000000e+00	4.752957e-01
1.320323253147488e-01	0.000000e+00	4.118180e-01
1.327701793028556e-01	0.000000e+00	3.506878e-01
1.335080332909625e-01	0.000000e+00	2.919053e-01
1.342458872790694e-01	0.000000e+00	2.354704e-01
1.349837412671762e-01	0.000000e+00	1.813830e-01
1.352086314522306e-01	0.000000e+00	1.655352e-01
1.354335216372849e-01	0.000000e+00	1.500285e-01
1.356584118223392e-01	0.000000e+00	1.348628e-01
1.358833020073936e-01	0.000000e+00	1.200382e-01
1.361081921924479e-01	0.000000e+00	1.055547e-01
1.363330823775022e-01	0.000000e+00	9.141226e-02
1.365579725625566e-01	0.000000e+00	7.761092e-02
1.366832685228011e-01	0.000000e+00	7.010446e-02
1.368085644830457e-01	0.000000e+00	6.278691e-02
1.369338604432903e-01	0.000000e+00	5.565825e-02
1.370591564035348e-01	0.000000e+00	4.871850e-02
1.371844523637794e-01	0.000000e+00	4.196765e-02
1.373097483240240e-01	0.000000e+00	3.540571e-02
1.374350442842685e-01	0.000000e+00	2.903267e-02
1.374821641325656e-01	0.000000e+00	2.671641e-02
1.375292839808627e-01	0.000000e+00	2.445715e-02
1.375764038291598e-01	0.000000e+00	2.225490e-02
1.376235236774569e-01	0.000000e+00	2.010964e-02
1.376706435257540e-01	0.000000e+00	1.802138e-02
1.377177633740511e-01	0.000000e+00	1.599013e-02
1.377648832223482e-01	0.000000e+00	1.401587e-02
1.378023649198573e-01	0.000000e+00	1.251511e-02
1.378548392963699e-01	0.000000e+00	1.052615e-02
1.378698319753736e-01	0.000000e+00	9.989681e-03
1.378998173333808e-01	0.000000e+00	8.974719e-03
1.379597880493953e-01	0.000000e+00	7.087646e-03
1.379747807283989e-01	0.000000e+00	6.664411e-03
1.380047660864061e-01	0.000000e+00	5.957250e-03
1.380647368024206e-01	0.000000e+00	4.779005e-03
1.380765790272632e-01	0.000000e+00	4.600308e-03
1.381002634769483e-01	0.000000e+00	4.350274e-03
1.381476323763186e-01	0.000000e+00	4.004523e-03
1.382111683504014e-01	0.000000e+00	3.716844e-03
1.382270523439221e-01	0.000000e+00	3.675815e-03
1.382588203309635e-01	0.000000e+00	3.631994e-03
1.383223563050463e-01	0.000000e+00	3.572959e-03
1.383382402985670e-01	0.000000e+00	3.564035e-03
1.383700082856084e-01	0.000000e+00	3.554677e-03
1.384494282532119e-01	0.000000e+00	3.540189e-03
1.385765002013775e-01	0.000000e+00	3.537464e-03
1.387035721495431e-01	0.000000e+00	3.535346e-03
1.388306440977087e-01	0.000000e+00	3.533833e-03
1.389577160458743e-01	0.000000e+00	3.532927e-03
1.390847879940399e-01	0.000000e+00	3.532628e-03
1.392118599422055e-01	0.000000e+00	3.532935e-03
1.393389318903711e-01	0.000000e+00	3.533848e-03
1.397995677024714e-01	0.000000e+00	3.533855e-03
1.402602035145717e-01	0.000000e+00	3.533863e-03
1.407208393266721e-01	0.000000e+00	3.533871e-03
1.411814751387724e-01	0.000000e+00	3.533880e-03
1.416421109508727e-01	0.000000e+00	3.533890e-03
1.421027467629730e-01	0.000000e+00	3.533900e-03
1.425633825750733e-01	0.000000e+00	3.533912e-03
1.431397446256816e-01	0.000000e+00	3.533943e-03
1.437161066762899e-01	0.000000e+00	3.533970e-03
1.442924687268981e-01	0.000000e+00	3.533993e-03
1.448688307775064e-01	0.000000e+00	3.534013e-03
1.454451928281147e-01	0.000000e+00	3.534029e-03
1.460215548787230e-01	0.000000e+00	3.534040e-03
1.465979169293312e-01	0.000000e+00	3.534048e-03
1.492664278408089e-01	0.000000e+00	3.534185e-03
1.499812075492405e-01	0.000000e+00	3.534200e-03
1.506959872576720e-01	0.000000e+00	3.534218e-03
1.514107669661035e-01	0.000000e+00	3.534241e-03
1.521255466745350e-01	0.000000e+00	3.534267e-03
1.528403263829665e-01	0.000000e+00	3.534297e-03
1.535551060913981e-01	0.000000e+00	3.534330e-03
1.542698857998296e-01	0.000000e+00	3.534368e-03
1.543810737544745e-01	0.000000e+00	3.534319e-03
1.548099415795334e-01	0.000000e+00	3.534347e-03
1.552388094045923e-01	0.000000e+00	3.534371e-03
1.556676772296512e-01	0.000000e+00	3.534393e-03
1.560965450547102e-01	0.000000e+00	3.534411e-03
1.565254128797691e-01	0.000000e+00	3.534427e-03
1.569542807048280e-01	0.000000e+00	3.534440e-03
1.573831485298869e-01	0.000000e+00	3.534449e-03
1.575692181682722e-01	0.000000e+00	3.534456e-03
1.577552878066576e-01	0.000000e+00	3.534461e-03
1.579413574450429e-01	0.000000e+00	3.534465e-03
1.581274270834283e-01	0.000000e+00	3.534469e-03
1.583134967218136e-01	0.000000e+00	3.534471e-03
1.584995663601990e-01	0.000000e+00	3.534472e-03
1.586856359985843e-01	0.000000e+00	3.534472e-03
1.587174039856257e-01	0.000000e+00	3.534470e-03
1.590918124043280e-01	0.000000e+00	3.534494e-03
1.594662208230302e-01	0.000000e+00	3.534517e-03
1.598406292417324e-01	0.000000e+00	3.534540e-03
1.602150376604346e-01	0.000000e+00	3.534562e-03
1.605894460791369e-01	0.000000e+00	3.534584e-03
1.609638544978391e-01	0.000000e+00	3.534605e-03
1.613382629165413e-01	0.000000e+00	3.534626e-03
1.616786342062706e-01	0.000000e+00	3.534633e-03
1.620190054959999e-01	0.000000e+00	3.534637e-03
1.623593767857292e-01	0.000000e+00	3.534639e-03
1.626997480754585e-01	0.000000e+00	3.534639e-03
1.630401193651878e-01	0.000000e+00	3.534637e-03
1.633804906549171e-01	0.000000e+00	3.534633e-03
1.637208619446464e-01	0.000000e+00	3.534627e-03
1.651345373679887e-01	0.000000e+00	3.534738e-03
1.654567555222658e-01	0.000000e+00	3.534735e-03
1.657789736765428e-01	0.000000e+00	3.534737e-03
1.661011918308199e-01	0.000000e+00	3.534746e-03
1.664234099850970e-01	0.000000e+00	3.534762e-03
1.667456281393741e-01	0.000000e+00	3.534784e-03
1.670678462936511e-01	0.000000e+00	3.534812e-03
1.673900644479282e-01	0.000000e+00	3.534847e-03
1.675012524025731e-01	0.000000e+00	3.534783e-03
1.677667420085620e-01	0.000000e+00	3.534819e-03
1.680322316145508e-01	0.000000e+00	3.534845e-03
1.682977212205397e-01	0.000000e+00	3.534864e-03
1.685632108265285e-01	0.000000e+00	3.534874e-03
1.688287004325174e-01	0.000000e+00	3.534875e-03
1.690941900385062e-01	0.000000e+00	3.534868e-03
1.693596796444951e-01	0.000000e+00	3.534852e-03
1.696977817922928e-01	0.000000e+00	3.534876e-03
1.700358839400906e-01	0.000000e+00	3.534895e-03
1.703739860878884e-01	0.000000e+00	3.534909e-03
1.707120882356861e-01	0.000000e+00	3.534918e-03
1.710501903834839e-01	0.000000e+00	3.534922e-03
1.713882925312817e-01	0.000000e+00	3.534921e-03
1.717263946790794e-01	0.000000e+00	3.534915e-03
1.718058146466829e-01	0.000000e+00	3.534983e-03
1.719306174529170e-01	0.000000e+00	3.534964e-03
1.720554202591511e-01	0.000000e+00	3.534953e-03
1.721802230653852e-01	0.000000e+00	3.534950e-03
1.723050258716192e-01	0.000000e+00	3.534954e-03
1.724298286778533e-01	0.000000e+00	3.534965e-03
1.725546314840874e-01	0.000000e+00	3.534984e-03
1.726794342903215e-01	0.000000e+00	3.535011e-03
1.749190773767402e-01	0.000000e+00	3.535064e-03
1.751777595569345e-01	0.000000e+00	3.535081e-03
1.754364417371288e-01	0.000000e+00	3.535095e-03
1.756951239173230e-01	0.000000e+00	3.535107e-03
1.759538060975173e-01	0.000000e+00	3.535116e-03
1.762124882777115e-01	0.000000e+00	3.535124e-03
1.764711704579058e-01	0.000000e+00	3.535129e-03
1.767298526381001e-01	0.000000e+00	3.535131e-03
1.768092726057036e-01	0.000000e+00	3.535193e-03
1.769681125409106e-01	0.000000e+00	3.535171e-03
1.771269524761176e-01	0.000000e+00	3.535159e-03
1.772857924113246e-01	0.000000e+00	3.535156e-03
1.774446323465316e-01	0.000000e+00	3.535162e-03
1.776034722817386e-01	0.000000e+00	3.535177e-03
1.777623122169456e-01	0.000000e+00	3.535201e-03
1.779211521521526e-01	0.000000e+00	3.535234e-03
1.780051104036192e-01	0.000000e+00	3.535198e-03
1.780890686550858e-01	0.000000e+00	3.535172e-03
1.781730269065523e-01	0.000000e+00	3.535157e-03
1.782569851580189e-01	0.000000e+00	3.535154e-03
1.783409434094854e-01	0.000000e+00	3.535161e-03
1.784249016609520e-01	0.000000e+00	3.535180e-03
1.785088599124185e-01	0.000000e+00	3.535210e-03
1.786676998476256e-01	0.000000e+00	3.535224e-03
1.788265397828326e-01	0.000000e+00	3.535231e-03
1.789853797180396e-01	0.000000e+00	3.535232e-03
1.791442196532466e-01	0.000000e+00	3.535227e-03
1.793030595884536e-01	0.000000e+00	3.535215e-03
1.794618995236606e-01	0.000000e+00	3.535197e-03
1.796207394588676e-01	0.000000e+00	3.535173e-03
1.798589993616781e-01	0.000000e+00	3.535223e-03
1.800972592644886e-01	0.000000e+00	3.535262e-03
1.803355191672991e-01	0.000000e+00	3.535290e-03
1.805737790701096e-01	0.000000e+00	3.535307e-03
1.808120389729201e-01	0.000000e+00	3.535314e-03
1.810502988757306e-01	0.000000e+00	3.535309e-03
1.812885587785411e-01	0.000000e+00	3.535294e-03
1.813952084493230e-01	0.000000e+00	3.535332e-03
1.815018581201048e-01	0.000000e+00	3.535359e-03
1.816085077908867e-01	0.000000e+00	3.535375e-03
1.817151574616685e-01	0.000000e+00	3.535379e-03
1.818218071324504e-01	0.000000e+00	3.535372e-03
1.819284568032322e-01	0.000000e+00	3.535354e-03
1.820351064740141e-01	0.000000e+00	3.535325e-03
1.822620206671669e-01	0.000000e+00	3.535338e-03
1.824889348603198e-01	0.000000e+00	3.535351e-03
1.827158490534727e-01	0.000000e+00	3.535365e-03
1.829427632466255e-01	0.000000e+00	3.535379e-03
1.831696774397784e-01	0.000000e+00	3.535392e-03
1.833965916329312e-01	0.000000e+00	3.535406e-03
1.836235058260841e-01	0.000000e+00	3.535421e-03
1.836870418001669e-01	0.000000e+00	3.535389e-03
1.837505777742497e-01	0.000000e+00	3.535371e-03
1.838141137483325e-01	0.000000e+00	3.535364e-03
1.838776497224153e-01	0.000000e+00	3.535371e-03
1.839411856964981e-01	0.000000e+00	3.535390e-03
1.840047216705809e-01	0.000000e+00	3.535422e-03
1.840682576446637e-01	0.000000e+00	3.535466e-03
1.841794455993086e-01	0.000000e+00	3.535340e-03
1.842588655669121e-01	0.000000e+00	3.535392e-03
1.843382855345156e-01	0.000000e+00	3.535432e-03
1.844177055021191e-01	0.000000e+00	3.535459e-03
1.844971254697226e-01	0.000000e+00	3.535473e-03
1.845765454373261e-01	0.000000e+00	3.535476e-03
1.846559654049297e-01	0.000000e+00	3.535466e-03
1.847353853725331e-01	0.000000e+00	3.535443e-03
1.848624573206988e-01	0.000000e+00	3.535451e-03
1.849895292688644e-01	0.000000e+00	3.535458e-03
1.851166012170300e-01	0.000000e+00	3.535465e-03
1.852436731651955e-01	0.000000e+00	3.535472e-03
1.853707451133612e-01	0.000000e+00	3.535479e-03
1.854978170615268e-01	0.000000e+00	3.535485e-03
1.856248890096924e-01	0.000000e+00	3.535492e-03
1.857043089772959e-01	0.000000e+00	3.535528e-03
1.858291117835300e-01	0.000000e+00	3.535521e-03
1.859539145897640e-01	0.000000e+00	3.535514e-03
1.860787173959981e-01	0.000000e+00	3.535507e-03
1.862035202022322e-01	0.000000e+00	3.535500e-03
1.863283230084662e-01	0.000000e+00	3.535494e-03
1.864531258147003e-01	0.000000e+00	3.535488e-03
1.865779286209344e-01	0.000000e+00	3.535482e-03
1.867231537045522e-01	0.000000e+00	3.535526e-03
1.868683787881701e-01	0.000000e+00	3.535558e-03
1.870136038717879e-01	0.000000e+00	3.535578e-03
1.871588289554057e-01	0.000000e+00	3.535586e-03
1.873040540390236e-01	0.000000e+00	3.535582e-03
1.874492791226414e-01	0.000000e+00	3.535566e-03
1.875945042062592e-01	0.000000e+00	3.535538e-03
1.877261144382879e-01	0.000000e+00	3.535567e-03
1.878577246703166e-01	0.000000e+00	3.535587e-03
1.879893349023452e-01	0.000000e+00	3.535596e-03
1.881209451343739e-01	0.000000e+00	3.535596e-03
1.882525553664025e-01	0.000000e+00	3.535586e-03
1.883841655984312e-01	0.000000e+00	3.535566e-03
1.885157758304599e-01	0.000000e+00	3.535536e-03
1.888175717073532e-01	0.000000e+00	3.535574e-03
1.891193675842465e-01	0.000000e+00	3.535606e-03
1.894211634611398e-01	0.000000e+00	3.535634e-03
1.897229593380331e-01	0.000000e+00	3.535656e-03
1.900247552149264e-01	0.000000e+00	3.535674e-03
1.903265510918197e-01	0.000000e+00	3.535687e-03
1.906283469687130e-01	0.000000e+00	3.535695e-03
1.907077669363165e-01	0.000000e+00	3.535739e-03
1.907871869039200e-01	0.000000e+00	3.535704e-03
1.908666068715235e-01	0.000000e+00	3.535681e-03
1.909460268391270e-01	0.000000e+00	3.535670e-03
1.910254468067305e-01	0.000000e+00	3.535672e-03
1.911048667743340e-01	0.000000e+00	3.535685e-03
1.911842867419375e-01	0.000000e+00	3.535711e-03
1.912637067095410e-01	0.000000e+00	3.535749e-03
1.914520454898579e-01	0.000000e+00	3.535735e-03
1.916403842701748e-01	0.000000e+00	3.535724e-03
1.918287230504917e-01	0.000000e+00	3.535716e-03
1.920170618308085e-01	0.000000e+00	3.535712e-03
1.922054006111254e-01	0.000000e+00	3.535711e-03
1.923937393914423e-01	0.000000e+00	3.535713e-03
1.925820781717592e-01	0.000000e+00	3.535719e-03
1.928203380745697e-01	0.000000e+00	3.535759e-03
1.928521060616111e-01	0.000000e+00	3.535679e-03
1.929632940162560e-01	0.000000e+00	3.535801e-03
1.931652476481621e-01	0.000000e+00	3.535789e-03
1.933672012800681e-01	0.000000e+00	3.535779e-03
1.935691549119742e-01	0.000000e+00	3.535772e-03
1.937711085438802e-01	0.000000e+00	3.535767e-03
1.939730621757862e-01	0.000000e+00	3.535764e-03
1.941750158076923e-01	0.000000e+00	3.535764e-03
1.943769694395983e-01	0.000000e+00	3.535765e-03
1.946288441939980e-01	0.000000e+00	3.535806e-03
1.948807189483977e-01	0.000000e+00	3.535841e-03
1.951325937027974e-01	0.000000e+00	3.535868e-03
1.953844684571971e-01	0.000000e+00	3.535889e-03
1.956363432115967e-01	0.000000e+00	3.535903e-03
1.958882179659964e-01	0.000000e+00	3.535910e-03
1.961400927203961e-01	0.000000e+00	3.535910e-03
1.963783526232066e-01	0.000000e+00	3.535997e-03
1.964101206102480e-01	0.000000e+00	3.535879e-03
1.965213085648929e-01	0.000000e+00	3.535953e-03
1.966324965195378e-01	0.000000e+00	3.535802e-03
1.966960324936206e-01	0.000000e+00	3.535952e-03
1.968775638481429e-01	0.000000e+00	3.535952e-03
1.970590952026652e-01	0.000000e+00	3.535949e-03
1.972406265571875e-01	0.000000e+00	3.535945e-03
1.974221579117098e-01	0.000000e+00	3.535940e-03
1.976036892662321e-01	0.000000e+00	3.535933e-03
1.977852206207544e-01	0.000000e+00	3.535924e-03
1.979667519752767e-01	0.000000e+00	3.535914e-03
1.980144039558388e-01	0.000000e+00	3.535953e-03
1.980620559364009e-01	0.000000e+00	3.535980e-03
1.981097079169630e-01	0.000000e+00	3.535993e-03
1.981573598975251e-01	0.000000e+00	3.535992e-03
1.982050118780872e-01	0.000000e+00	3.535979e-03
1.982526638586493e-01	0.000000e+00	3.535953e-03
1.983003158392114e-01	0.000000e+00	3.535914e-03
1.984273877873770e-01	0.000000e+00	3.535945e-03
1.985544597355426e-01	0.000000e+00	3.535968e-03
1.986815316837082e-01	0.000000e+00	3.535983e-03
1.988086036318738e-01	0.000000e+00	3.535991e-03
1.989356755800394e-01	0.000000e+00	3.535991e-03
1.990627475282050e-01	0.000000e+00	3.535983e-03
1.991898194763706e-01	0.000000e+00	3.535967e-03
1.993055595511748e-01	0.000000e+00	3.535996e-03
1.994212996259790e-01	0.000000e+00	3.536021e-03
1.995370397007832e-01	0.000000e+00	3.536042e-03
1.996527797755874e-01	0.000000e+00	3.536058e-03
1.997685198503916e-01	0.000000e+00	3.536070e-03
1.998842599251958e-01	0.000000e+00	3.536078e-03
2.000000000000000e-01	0.000000e+00	3.536081e-03
2.000017941646383e-01	0.000000e+00	3.449295e-03
2.000053824939149e-01	0.000000e+00	3.281938e-03
2.000125591524681e-01	0.000000e+00	2.972633e-03
2.000240893457227e-01	0.000000e+00	2.544523e-03
2.000471497322317e-01	0.000000e+00	1.862704e-03
2.000737642099901e-01	0.000000e+00	1.276330e-03
2.000985255639779e-01	0.000000e+00	8.975156e-04
2.001274521992274e-01	0.000000e+00	5.963371e-04
2.001536278923049e-01	0.000000e+00	4.104771e-04
2.001807965279411e-01	0.000000e+00	2.807677e-04
2.002074651122086e-01	0.000000e+00	1.939695e-04
2.002337480646662e-01	0.000000e+00	1.355893e-04
2.002583774757347e-01	0.000000e+00	9.802153e-05
2.002843861196899e-01	0.000000e+00	7.064464e-05
2.003105971042879e-01	0.000000e+00	5.150899e-05
2.003365536878149e-01	0.000000e+00	3.874517e-05
2.003698137117294e-01	0.000000e+00	2.798376e-05
2.004017686466521e-01	0.000000e+00	2.151876e-05
2.004507577049089e-01	0.000000e+00	1.587506e-05
2.004979528073625e-01	0.000000e+00	1.308494e-05
2.005923430122699e-01	0.000000e+00	1.092638e-05
2.006785867045340e-01	0.000000e+00	1.031582e-05
2.008510740890619e-01	0.000000e+00	1.010984e-05
2.010743944834536e-01	0.000000e+00	1.004413e-05
2.015210352722370e-01	0.000000e+00	1.002765e-05
2.042008800049370e-01	0.000000e+00	9.932106e-06
2.064330228620799e-01	0.000000e+00	9.955618e-06
2.086651657192228e-01	0.000000e+00	9.971370e-06
2.108973085763656e-01	0.000000e+00	9.979361e-06
2.131294514335084e-01	0.000000e+00	9.979592e-06
2.153615942906513e-01	0.000000e+00	9.972062e-06
2.175937371477942e-01	0.000000e+00	9.956771e-06
2.198258800049370e-01	0.000000e+00	9.933720e-06
2.256852550049370e-01	0.000000e+00	9.961130e-06
2.295915050049370e-01	0.000000e+00	9.878952e-06
2.354508800049370e-01	0.000000e+00	9.988511e-06
2.393571300049370e-01	0.000000e+00	9.933729e-06
2.452165050049370e-01	0.000000e+00	9.988516e-06
2.491227550049370e-01	0.000000e+00	9.961124e-06
2.510758800049370e-01	0.000000e+00	9.906338e-06
2.530290050049370e-01	0.000000e+00	9.906340e-06
2.569352550049370e-01	0.000000e+00	9.988516e-06
2.627946300049370e-01	0.000000e+00	9.933730e-06
2.650267728620799e-01	0.000000e+00	9.960269e-06
2.672589157192227e-01	0.000000e+00	9.977961e-06
2.694910585763656e-01	0.000000e+00	9.986807e-06
2.717232014335085e-01	0.000000e+00	9.986807e-06
2.739553442906513e-01	0.000000e+00	9.977961e-06
2.761874871477942e-01	0.000000e+00	9.960269e-06
2.784196300049370e-01	0.000000e+00	9.933730e-06
2.842790050049370e-01	0.000000e+00	9.988515e-06
2.881852550049370e-01	0.000000e+00	9.933730e-06
2.940446300049370e-01	0.000000e+00	9.988515e-06
2.999040050049370e-01	0.000000e+00	9.961122e-06
3.018571300049370e-01	0.000000e+00	9.933731e-06
3.077165050049370e-01	0.000000e+00	9.988515e-06
3.091115942906513e-01	0.000000e+00	9.993589e-06
3.105066835763656e-01	0.000000e+00	9.994363e-06
3.119017728620799e-01	0.000000e+00	9.990837e-06
3.132968621477942e-01	0.000000e+00	9.983011e-06
3.146919514335085e-01	0.000000e+00	9.970884e-06
3.160870407192227e-01	0.000000e+00	9.954457e-06
3.174821300049370e-01	0.000000e+00	9.933730e-06
3.233415050049370e-01	0.000000e+00	9.988515e-06
3.272477550049370e-01	0.000000e+00	9.933731e-06
3.331071300049370e-01	0.000000e+00	9.988515e-06
3.389665050049370e-01	0.000000e+00	9.933731e-06
3.448258800049370e-01	0.000000e+00	9.988515e-06
3.473370407192227e-01	0.000000e+00	9.996378e-06
3.498482014335085e-01	0.000000e+00	9.997708e-06
3.523593621477942e-01	0.000000e+00	9.992503e-06
3.548705228620799e-01	0.000000e+00	9.980763e-06
3.573816835763656e-01	0.000000e+00	9.962489e-06
3.598928442906513e-01	0.000000e+00	9.937681e-06
3.624040050049370e-01	0.000000e+00	9.906339e-06
3.663102550049370e-01	0.000000e+00	9.988515e-06
3.688214157192227e-01	0.000000e+00	9.996150e-06
3.713325764335085e-01	0.000000e+00	9.998631e-06
3.738437371477942e-01	0.000000e+00	9.995959e-06
3.763548978620799e-01	0.000000e+00	9.988133e-06
3.788660585763656e-01	0.000000e+00	9.975153e-06
3.813772192906513e-01	0.000000e+00	9.957019e-06
3.838883800049370e-01	0.000000e+00	9.933731e-06
3.897477550049370e-01	0.000000e+00	9.988515e-06
3.936540050049370e-01	0.000000e+00	9.933730e-06
3.995133800049370e-01	0.000000e+00	9.988515e-06
4.346696300049370e-01	0.000000e+00	9.961122e-06
4.366227550049370e-01	0.000000e+00	9.933730e-06
4.424821300049370e-01	0.000000e+00	9.988515e-06
4.483415050049370e-01	0.000000e+00	9.933730e-06
4.542008800049370e-01	0.000000e+00	9.988515e-06
4.558749871477942e-01	0.000000e+00	9.994675e-06
4.575490942906513e-01	0.000000e+00	9.996173e-06
4.592232014335085e-01	0.000000e+00	9.993008e-06
4.608973085763656e-01	0.000000e+00	9.985182e-06
4.625714157192227e-01	0.000000e+00	9.972694e-06
4.642455228620799e-01	0.000000e+00	9.955543e-06
4.659196300049370e-01	0.000000e+00	9.933730e-06
4.717790050049370e-01	0.000000e+00	9.988515e-06
4.756852550049370e-01	0.000000e+00	9.906339e-06
4.776383800049370e-01	0.000000e+00	9.906339e-06
4.815446300049370e-01	0.000000e+00	9.988515e-06
4.874040050049370e-01	0.000000e+00	9.961122e-06
4.893571300049370e-01	0.000000e+00	9.933730e-06
4.952165050049370e-01	0.000000e+00	9.988515e-06
4.991227550049370e-01	0.000000e+00	9.933730e-06
5.049821300049371e-01	0.000000e+00	9.988515e-06
5.264665050049371e-01	0.000000e+00	9.961122e-06
5.284196300049371e-01	0.000000e+00	9.933730e-06
5.342790050049371e-01	0.000000e+00	9.988515e-06
5.381852550049371e-01	0.000000e+00	9.933730e-06
5.440446300049371e-01	0.000000e+00	9.988515e-06
5.479508800049371e-01	0.000000e+00	9.961122e-06
5.499040050049371e-01	0.000000e+00	9.906339e-06
5.518571300049371e-01	0.000000e+00	9.906339e-06
5.557633800049371e-01	0.000000e+00	9.988515e-06
5.616227550049371e-01	0.000000e+00	9.933730e-06
5.674821300049371e-01	0.000000e+00	9.988515e-06
5.733415050049371e-01	0.000000e+00	9.961122e-06
5.752946300049371e-01	0.000000e+00	9.933730e-06
5.811540050049371e-01	0.000000e+00	9.988515e-06
5.870133800049371e-01	0.000000e+00	9.933730e-06
5.928727550049371e-01	0.000000e+00	9.988515e-06
5.942678442906514e-01	0.000000e+00	9.993589e-06
5.956629335763657e-01	0.000000e+00	9.994363e-06
5.970580228620800e-01	0.000000e+00	9.990837e-06
5.984531121477942e-01	0.000000e+00	9.983011e-06
5.998482014335085e-01	0.000000e+00	9.970884e-06
6.012432907192228e-01	0.000000e+00	9.954457e-06
6.026383800049371e-01	0.000000e+00	9.933730e-06
6.084977550049371e-01	0.000000e+00	9.988515e-06
6.124040050049371e-01	0.000000e+00	9.906339e-06
6.221696300049371e-01	0.000000e+00	9.961122e-06
6.241227550049371e-01	0.000000e+00	9.906339e-06
6.260758800049371e-01	0.000000e+00	9.906339e-06
6.299821300049371e-01	0.000000e+00	9.988515e-06
6.358415050049371e-01	0.000000e+00	9.961122e-06
6.377946300049371e-01	0.000000e+00	9.933730e-06
6.436540050049371e-01	0.000000e+00	9.988515e-06
6.475602550049371e-01	0.000000e+00	9.906339e-06
6.495133800049371e-01	0.000000e+00	9.906339e-06
6.534196300049371e-01	0.000000e+00	9.988515e-06
6.592790050049371e-01	0.000000e+00	9.961122e-06
6.612321300049371e-01	0.000000e+00	9.906339e-06
6.631852550049371e-01	0.000000e+00	9.906339e-06
6.670915050049371e-01	0.000000e+00	9.988515e-06
6.729508800049371e-01	0.000000e+00	9.961122e-06
6.749040050049371e-01	0.000000e+00	9.933730e-06
6.807633800049371e-01	0.000000e+00	9.988515e-06
6.963883800049371e-01	0.000000e+00	9.961122e-06
7.002946300049371e-01	0.000000e+00	9.878947e-06
7.061540050049371e-01	0.000000e+00	9.988515e-06
7.354508800049371e-01	0.000000e+00	9.961122e-06
7.374040050049371e-01	0.000000e+00	9.933730e-06
7.432633800049371e-01	0.000000e+00	9.988515e-06
7.745133800049371e-01	0.000000e+00	9.961122e-06
7.764665050049371e-01	0.000000e+00	9.906339e-06
7.784196300049371e-01	0.000000e+00	9.906339e-06
7.823258800049371e-01	0.000000e+00	9.988515e-06
7.881852550049371e-01	0.000000e+00	9.961122e-06
7.901383800049371e-01	0.000000e+00	9.933730e-06
7.959977550049371e-01	0.000000e+00	9.988515e-06
7.987879335763657e-01	0.000000e+00	9.996387e-06
8.015781121477942e-01	0.000000e+00	9.999027e-06
8.043682907192228e-01	0.000000e+00	9.996434e-06
8.071584692906514e-01	0.000000e+00	9.988608e-06
8.099486478620800e-01	0.000000e+00	9.975548e-06
8.127388264335085e-01	0.000000e+00	9.957256e-06
8.155290050049371e-01	0.000000e+00	9.933730e-06
8.194352550049371e-01	0.000000e+00	9.988515e-06
8.252946300049371e-01	0.000000e+00	9.933730e-06
8.294798978620800e-01	0.000000e+00	9.965096e-06
8.336651657192228e-01	0.000000e+00	9.986007e-06
8.378504335763657e-01	0.000000e+00	9.996462e-06
8.420357014335085e-01	0.000000e+00	9.996462e-06
8.462209692906514e-01	0.000000e+00	9.986007e-06
8.504062371477943e-01	0.000000e+00	9.965096e-06
8.545915050049371e-01	0.000000e+00	9.933730e-06
8.604508800049371e-01	0.000000e+00	9.988515e-06
8.663102550049371e-01	0.000000e+00	9.933730e-06
8.721696300049371e-01	0.000000e+00	9.988515e-06
8.738437371477942e-01	0.000000e+00	9.994675e-06
8.755178442906514e-01	0.000000e+00	9.996173e-06
8.771919514335085e-01	0.000000e+00	9.993008e-06
8.788660585763657e-01	0.000000e+00	9.985182e-06
8.805401657192228e-01	0.000000e+00	9.972694e-06
8.822142728620800e-01	0.000000e+00	9.955543e-06
8.838883800049371e-01	0.000000e+00	9.933730e-06
8.897477550049371e-01	0.000000e+00	9.988515e-06
8.956071300049371e-01	0.000000e+00	9.933730e-06
8.995133800049371e-01	0.000000e+00	9.961122e-06
9.014665050049371e-01	0.000000e+00	9.933730e-06
9.073258800049371e-01	0.000000e+00	9.988515e-06
9.092790050049371e-01	0.000000e+00	9.984210e-06
9.112321300049371e-01	0.000000e+00	9.978732e-06
9.131852550049371e-01	0.000000e+00	9.972079e-06
9.151383800049371e-01	0.000000e+00	9.964253e-06
9.170915050049371e-01	0.000000e+00	9.955253e-06
9.190446300049371e-01	0.000000e+00	9.945079e-06
9.209977550049371e-01	0.000000e+00	9.933730e-06
9.249040050049371e-01	0.000000e+00	9.988515e-06
9.288102550049371e-01	0.000000e+00	9.933730e-06
9.327165050049371e-01	0.000000e+00	9.961122e-06
9.346696300049371e-01	0.000000e+00	9.933730e-06
9.405290050049371e-01	0.000000e+00	9.988515e-06
9.444352550049371e-01	0.000000e+00	9.906339e-06
9.463883800049371e-01	0.000000e+00	9.906339e-06
9.502946300049371e-01	0.000000e+00	9.988515e-06
9.564330228620800e-01	0.000000e+00	9.992970e-06
9.625714157192228e-01	0.000000e+00	9.994635e-06
9.687098085763657e-01	0.000000e+00	9.993511e-06
9.748482014335085e-01	0.000000e+00	9.989598e-06
9.809865942906514e-01	0.000000e+00	9.982896e-06
9.871249871477943e-01	0.000000e+00	9.973404e-06
9.932633800049371e-01	0.000000e+00	9.961122e-06
9.952165050049371e-01	0.000000e+00	9.906339e-06
9.971696300049371e-01	0.000000e+00	9.920740e-06
9.980468750000000e-01	0.000000e+00	1.001724e-05
9.982455100098742e-01	0.000000e+00	1.004898e-05
9.986427800296225e-01	0.000000e+00	1.006883e-05
9.992054599605034e-01	0.000000e+00	9.959935e-06
9.992154599605033e-01	0.000000e+00	9.945615e-06
9.992354599605033e-01	0.000000e+00	9.925173e-06
9.992582563375449e-01	0.000000e+00	9.951504e-06
9.992799377666114e-01	0.000000e+00	1.000108e-05
9.993138625192129e-01	0.000000e+00	1.006233e-05
9.993620679476876e-01	0.000000e+00	1.008190e-05
9.994350962874913e-01	0.000000e+00	1.005724e-05
9.997423113244741e-01	0.000000e+00	9.969643e-06
9.997523113244741e-01	0.000000e+00	9.964633e-06
9.997723113244741e-01	0.000000e+00	9.996045e-06
9.997964749561791e-01	0.000000e+00	1.007391e-05
9.998201856642881e-01	0.000000e+00	1.007486e-05
9.998621532330980e-01	0.000000e+00	1.001555e-05
9.999217390351205e-01	0.000000e+00	1.001281e-05
9.999317390351204e-01	0.000000e+00	1.001227e-05
9.999517390351205e-01	0.000000e+00	1.000456e-05
9.999600000000000e-01	0.000000e+00	1.003171e-05
9.999765219297589e-01	0.000000e+00	1.005868e-05
9.999840776111444e-01	0.000000e+00	9.980339e-06
9.999879626578949e-01	0.000000e+00	9.998914e-06
9.999915665261404e-01	0.000000e+00	1.006159e-05
9.999943393570758e-01	0.000000e+00	1.005561e-05
9.999961082917123e-01	0.000000e+00	1.004251e-05
9.999974778975733e-01	0.000000e+00	1.000290e-05
9.999984325634245e-01	0.000000e+00	9.943706e-06
9.999989730714071e-01	0.000000e+00	9.926094e-06
1.000000000000000e+00	0.000000e+00	9.962916e-06
1.000000102692859e+00	1.643086e-01	9.996171e-06
1.000000308078578e+00	4.929257e-01	9.985942e-06
1.000000718850015e+00	1.150160e+00	1.000525e-05
1.000001093400301e+00	1.749440e+00	1.001625e-05
1.000001460298193e+00	2.336477e+00	1.001461e-05
1.000001882566784e+00	3.012107e+00	1.002256e-05
1.000002289688001e+00	3.663501e+00	1.002945e-05
1.000002665022198e+00	4.264036e+00	1.003216e-05
1.000003030573319e+00	4.848917e+00	1.002954e-05
1.000003515713843e+00	5.625142e+00	1.000800e-05
1.000003905428013e+00	6.248685e+00	9.972097e-06
1.000004345453071e+00	6.952725e+00	9.962251e-06
1.000004374545423e+00	6.999273e+00	9.990992e-06
1.000004432730126e+00	7.092368e+00	1.005513e-05
1.000004549099531e+00	7.278559e+00	1.002926e-05
1.000004696147082e+00	7.513835e+00	9.956778e-06
1.000004931460789e+00	7.890337e+00	9.971713e-06
1.000004990969823e+00	7.985552e+00	1.635311e-05
1.000005019635516e+00	8.031417e+00	4.982492e-05
1.000005029492638e+00	8.047188e+00	9.733187e-05
1.000005040076470e+00	8.064122e+00	1.382683e-04
1.000005045929128e+00	8.073486e+00	1.158291e-04
1.000005051179978e+00	8.081888e+00	9.725190e-05
1.000005055677637e+00	8.089085e+00	1.176213e-04
1.000005060305650e+00	8.096489e+00	1.451767e-04
1.000005065107724e+00	8.104173e+00	1.463629e-04
1.000005070639570e+00	8.113024e+00	1.402998e-04
1.000005077574003e+00	8.124119e+00	1.502353e-04
1.000005086617584e+00	8.138588e+00	1.679818e-04
1.000005188464258e+00	8.301543e+00	3.791999e-04
1.000005254666864e+00	8.407467e+00	5.447558e-04
1.000005358625453e+00	8.573801e+00	8.304709e-04
1.000005522866791e+00	8.836587e+00	1.211999e-03
1.000005785263236e+00	9.256421e+00	1.757365e-03
1.000006202505525e+00	9.924008e+00	2.598249e-03
1.000006863721971e+00	1.098196e+01	3.904626e-03
1.000008014492049e+00	1.282319e+01	6.253588e-03
1.000010000000000e+00	1.600000e+01	1.038005e-02
1.000010595652385e+00	1.600000e+01	1.162952e-02
1.000011389855566e+00	1.600000e+01	1.327442e-02
1.000014169566698e+00	1.600000e+01	1.904327e-02
1.000020000000000e+00	1.600000e+01	3.115248e-02
1.000021000000000e+00	0.000000e+00	3.322892e-02
1.000093342553061e+00	0.000000e+00	1.829315e-01
1.000165685106122e+00	0.000000e+00	3.322001e-01
1.000238027659183e+00	0.000000e+00	4.810348e-01
1.000310370212244e+00	0.000000e+00	6.294355e-01
1.000382712765305e+00	0.000000e+00	7.774023e-01
1.000455055318366e+00	0.000000e+00	9.249351e-01
1.000527397871427e+00	0.000000e+00	1.072034e+00
1.000528002570729e+00	0.000000e+00	1.073263e+00
1.000734205032591e+00	0.000000e+00	1.490739e+00
1.000940407494453e+00	0.000000e+00	1.906007e+00
1.001146609956314e+00	0.000000e+00	2.319066e+00
1.001352812418176e+00	0.000000e+00	2.729918e+00
1.001559014880038e+00	0.000000e+00	3.138561e+00
1.001765217341900e+00	0.000000e+00	3.544996e+00
1.001971419803762e+00	0.000000e+00	3.949223e+00
1.001972629202365e+00	0.000000e+00	3.951589e+00
1.002476085227850e+00	0.000000e+00	4.930850e+00
1.002477025898874e+00	0.000000e+00	4.932669e+00
1.002478504096197e+00	0.000000e+00	4.935527e+00
1.002479982293519e+00	0.000000e+00	4.938385e+00
1.002481460490842e+00	0.000000e+00	4.941244e+00
1.002482938688164e+00	0.000000e+00	4.944102e+00
1.002484416885487e+00	0.000000e+00	4.946960e+00
1.002485895082810e+00	0.000000e+00	4.949818e+00
1.002487373280132e+00	0.000000e+00	4.952676e+00
1.002491903858940e+00	0.000000e+00	4.961435e+00
1.002496434437747e+00	0.000000e+00	4.970193e+00
1.002500965016554e+00	0.000000e+00	4.978950e+00
1.002505495595361e+00	0.000000e+00	4.987706e+00
1.002510026174168e+00	0.000000e+00	4.996461e+00
1.002514556752975e+00	0.000000e+00	5.005215e+00
1.002519087331783e+00	0.000000e+00	5.013968e+00
1.002519356094932e+00	0.000000e+00	5.014488e+00
1.002520296765956e+00	0.000000e+00	5.016305e+00
1.002522139713267e+00	0.000000e+00	5.019769e+00
1.002523982660579e+00	0.000000e+00	5.023294e+00
1.002525825607890e+00	0.000000e+00	5.026878e+00
1.002527668555201e+00	0.000000e+00	5.030523e+00
1.002529511502513e+00	0.000000e+00	5.034228e+00
1.002531354449824e+00	0.000000e+00	5.037993e+00
1.002533197397135e+00	0.000000e+00	5.041818e+00
1.002533466160285e+00	0.000000e+00	5.042041e+00
1.002534003686584e+00	0.000000e+00	5.042052e+00
1.002534495234189e+00	0.000000e+00	5.042063e+00
1.002535300044564e+00	0.000000e+00	5.041852e+00
1.002536123213498e+00	0.000000e+00	5.041636e+00
1.002537020577388e+00	0.000000e+00	5.041399e+00
1.002537154594896e+00	0.000000e+00	5.041365e+00
1.002537422629912e+00	0.000000e+00	5.041294e+00
1.002537958699944e+00	0.000000e+00	5.041153e+00
1.002538092717452e+00	0.000000e+00	5.041118e+00
1.002538360752468e+00	0.000000e+00	5.041048e+00
1.002538896822500e+00	0.000000e+00	5.040907e+00
1.002539030840008e+00	0.000000e+00	5.040872e+00
1.002539298875024e+00	0.000000e+00	5.040801e+00
1.002539834945056e+00	0.000000e+00	5.040660e+00
1.002539968962564e+00	0.000000e+00	5.040625e+00
1.002540236997580e+00	0.000000e+00	5.040555e+00
1.002540773067612e+00	0.000000e+00	5.040414e+00
1.002540907085120e+00	0.000000e+00	5.040379e+00
1.002541175120136e+00	0.000000e+00	5.040308e+00
1.002541711190168e+00	0.000000e+00	5.040167e+00
1.002541845207676e+00	0.000000e+00	5.040132e+00
1.002542113242692e+00	0.000000e+00	5.040062e+00
1.002542783330232e+00	0.000000e+00	5.039886e+00
1.002543721452787e+00	0.000000e+00	5.039639e+00
1.002544295813536e+00	0.000000e+00	5.039489e+00
1.002544870174285e+00	0.000000e+00	5.039338e+00
1.002545444535033e+00	0.000000e+00	5.039187e+00
1.002546018895781e+00	0.000000e+00	5.039036e+00
1.002546593256530e+00	0.000000e+00	5.038885e+00
1.002547167617278e+00	0.000000e+00	5.038734e+00
1.002547741978027e+00	0.000000e+00	5.038583e+00
1.002559631245520e+00	0.000000e+00	5.035461e+00
1.002571520513014e+00	0.000000e+00	5.032340e+00
1.002583409780507e+00	0.000000e+00	5.029220e+00
1.002595299048001e+00	0.000000e+00	5.026100e+00
1.002607188315494e+00	0.000000e+00	5.022982e+00
1.002619077582988e+00	0.000000e+00	5.019864e+00
1.002630966850481e+00	0.000000e+00	5.016747e+00
1.002638471830927e+00	0.000000e+00	5.014779e+00
1.002650533406645e+00	0.000000e+00	5.011618e+00
1.002662594982364e+00	0.000000e+00	5.008458e+00
1.002674656558082e+00	0.000000e+00	5.005299e+00
1.002686718133800e+00	0.000000e+00	5.002141e+00
1.002698779709518e+00	0.000000e+00	4.998984e+00
1.002710841285236e+00	0.000000e+00	4.995828e+00
1.002722902860954e+00	0.000000e+00	4.992672e+00
1.002723170895970e+00	0.000000e+00	4.992602e+00
1.002734294349132e+00	0.000000e+00	4.989692e+00
1.002745417802295e+00	0.000000e+00	4.986784e+00
1.002756541255457e+00	0.000000e+00	4.983876e+00
1.002767664708619e+00	0.000000e+00	4.980968e+00
1.002778788161782e+00	0.000000e+00	4.978062e+00
1.002789911614944e+00	0.000000e+00	4.975156e+00
1.002801035068106e+00	0.000000e+00	4.972251e+00
1.002813364678840e+00	0.000000e+00	4.969032e+00
1.002825694289575e+00	0.000000e+00	4.965813e+00
1.002838023900309e+00	0.000000e+00	4.962596e+00
1.002850353511043e+00	0.000000e+00	4.959379e+00
1.002862683121777e+00	0.000000e+00	4.956163e+00
1.002875012732511e+00	0.000000e+00	4.952948e+00
1.002887342343245e+00	0.000000e+00	4.949734e+00
1.002887878413277e+00	0.000000e+00	4.949594e+00
1.002888950553341e+00	0.000000e+00	4.949315e+00
1.002890521617648e+00	0.000000e+00	4.948905e+00
1.002892178432735e+00	0.000000e+00	4.948473e+00
1.002896809292964e+00	0.000000e+00	4.947267e+00
1.002901440153193e+00	0.000000e+00	4.946060e+00
1.002906071013421e+00	0.000000e+00	4.944853e+00
1.002910701873651e+00	0.000000e+00	4.943647e+00
1.002915332733879e+00	0.000000e+00	4.942441e+00
1.002919963594108e+00	0.000000e+00	4.941234e+00
1.002924594454337e+00	0.000000e+00	4.940028e+00
1.006153070058594e+00	0.000000e+00	4.129813e+00
1.007301047306822e+00	0.000000e+00	3.856393e+00
1.008449024555051e+00	0.000000e+00	3.590146e+00
1.009597001803280e+00	0.000000e+00	3.331072e+00
1.010744979051509e+00	0.000000e+00	3.079170e+00
1.011892956299738e+00	0.000000e+00	2.834442e+00
1.013040933547967e+00	0.000000e+00	2.596887e+00
1.014188910796195e+00	0.000000e+00	2.366504e+00
1.014202376804972e+00	0.000000e+00	2.363840e+00
1.015754334316513e+00	0.000000e+00	2.062916e+00
1.017306291828054e+00	0.000000e+00	1.774682e+00
1.018858249339595e+00	0.000000e+00	1.499138e+00
1.020410206851136e+00	0.000000e+00	1.236284e+00
1.021962164362677e+00	0.000000e+00	9.861206e-01
1.023514121874218e+00	0.000000e+00	7.486470e-01
1.025066079385759e+00	0.000000e+00	5.238635e-01
1.025468135933527e+00	0.000000e+00	4.679726e-01
1.025870192481296e+00	0.000000e+00	4.132624e-01
1.026272249029065e+00	0.000000e+00	3.597330e-01
1.026674305576833e+00	0.000000e+00	3.073843e-01
1.027076362124602e+00	0.000000e+00	2.562164e-01
1.027478418672371e+00	0.000000e+00	2.062291e-01
1.027880475220139e+00	0.000000e+00	1.574226e-01
1.027968004277189e+00	0.000000e+00	1.470596e-01
1.028071884916326e+00	0.000000e+00	1.348412e-01
1.028175765555462e+00	0.000000e+00	1.227681e-01
1.028279646194599e+00	0.000000e+00	1.108403e-01
1.028383526833735e+00	0.000000e+00	9.905786e-02
1.028487407472872e+00	0.000000e+00	8.742075e-02
1.028591288112008e+00	0.000000e+00	7.592897e-02
1.028695168751144e+00	0.000000e+00	6.458253e-02
1.028752880217331e+00	0.000000e+00	5.835600e-02
1.028810591683518e+00	0.000000e+00	5.222009e-02
1.028868303149705e+00	0.000000e+00	4.617482e-02
1.028926014615892e+00	0.000000e+00	4.022016e-02
1.028983726082079e+00	0.000000e+00	3.435614e-02
1.029041437548266e+00	0.000000e+00	2.858274e-02
1.029099149014453e+00	0.000000e+00	2.289996e-02
1.029146280045172e+00	0.000000e+00	1.842626e-02
1.029200144080279e+00	0.000000e+00	1.345765e-02
1.029213610089056e+00	0.000000e+00	1.225121e-02
1.029240542106610e+00	0.000000e+00	9.948305e-03
1.029283481143574e+00	0.000000e+00	6.533402e-03
1.029313220264924e+00	0.000000e+00	4.536669e-03
1.029346718999171e+00	0.000000e+00	2.802400e-03
1.029362089657624e+00	0.000000e+00	2.222564e-03
1.029382603487686e+00	0.000000e+00	1.672813e-03
1.029406359569760e+00	0.000000e+00	1.199641e-03
1.029432789064410e+00	0.000000e+00	8.253907e-04
1.029458807889303e+00	0.000000e+00	5.706447e-04
1.029486242258494e+00	0.000000e+00	3.879193e-04
1.029513273898662e+00	0.000000e+00	2.653141e-04
1.029539369220408e+00	0.000000e+00	1.845535e-04
1.029563662628739e+00	0.000000e+00	1.328863e-04
1.029589719860144e+00	0.000000e+00	9.446875e-05
1.029614044165132e+00	0.000000e+00	6.945897e-05
1.029639747824961e+00	0.000000e+00	5.124541e-05
1.029667962979208e+00	0.000000e+00	3.748873e-05
1.029695821171211e+00	0.000000e+00	2.853290e-05
1.029734408776639e+00	0.000000e+00	2.079353e-05
1.029770819829201e+00	0.000000e+00	1.653663e-05
1.029828233132361e+00	0.000000e+00	1.302519e-05
1.029882941493368e+00	0.000000e+00	1.145847e-05
1.029992358215381e+00	0.000000e+00	1.039105e-05
1.030103014583300e+00	0.000000e+00	1.009754e-05
1.030324327319136e+00	0.000000e+00	1.009678e-05
1.030729082757895e+00	0.000000e+00	1.009110e-05
1.031538593635410e+00	0.000000e+00	1.003661e-05
1.033157615390442e+00	0.000000e+00	1.004448e-05
1.037063865390442e+00	0.000000e+00	9.961043e-06
1.039016990390442e+00	0.000000e+00	9.933799e-06
1.044876365390442e+00	0.000000e+00	9.988470e-06
1.046271454676157e+00	0.000000e+00	9.993561e-06
1.047666543961871e+00	0.000000e+00	9.994350e-06
1.049061633247585e+00	0.000000e+00	9.990836e-06
1.050456722533300e+00	0.000000e+00	9.983019e-06
1.051851811819014e+00	0.000000e+00	9.970899e-06
1.053246901104728e+00	0.000000e+00	9.954477e-06
1.054641990390442e+00	0.000000e+00	9.933752e-06
1.058548240390442e+00	0.000000e+00	9.961139e-06
1.060501365390442e+00	0.000000e+00	9.906325e-06
1.062454490390442e+00	0.000000e+00	9.906352e-06
1.064407615390442e+00	0.000000e+00	9.961112e-06
1.066360740390442e+00	0.000000e+00	9.961132e-06
1.068313865390442e+00	0.000000e+00	9.906331e-06
1.070266990390442e+00	0.000000e+00	9.906345e-06
1.074173240390442e+00	0.000000e+00	9.988520e-06
1.085891990390442e+00	0.000000e+00	9.906342e-06
1.089798240390442e+00	0.000000e+00	9.988516e-06
1.095936633247585e+00	0.000000e+00	9.992971e-06
1.102075026104728e+00	0.000000e+00	9.994636e-06
1.108213418961871e+00	0.000000e+00	9.993511e-06
1.114351811819014e+00	0.000000e+00	9.989598e-06
1.120490204676157e+00	0.000000e+00	9.982896e-06
1.126628597533300e+00	0.000000e+00	9.973404e-06
1.132766990390442e+00	0.000000e+00	9.961123e-06
1.134720115390442e+00	0.000000e+00	9.933731e-06
1.140579490390442e+00	0.000000e+00	9.988515e-06
1.144485740390442e+00	0.000000e+00	9.933730e-06
1.150345115390442e+00	0.000000e+00	9.988515e-06
1.152856276104728e+00	0.000000e+00	9.996150e-06
1.155367436819014e+00	0.000000e+00	9.998631e-06
1.157878597533300e+00	0.000000e+00	9.995959e-06
1.160389758247585e+00	0.000000e+00	9.988133e-06
1.162900918961871e+00	0.000000e+00	9.975153e-06
1.165412079676157e+00	0.000000e+00	9.957018e-06
1.167923240390442e+00	0.000000e+00	9.933730e-06
1.171829490390442e+00	0.000000e+00	9.988515e-06
1.175735740390442e+00	0.000000e+00	9.933731e-06
1.181595115390442e+00	0.000000e+00	9.988515e-06
1.185501365390442e+00	0.000000e+00	9.933731e-06
1.191360740390442e+00	0.000000e+00	9.988515e-06
1.195266990390442e+00	0.000000e+00	9.933730e-06
1.201126365390442e+00	0.000000e+00	9.988515e-06
1.206985740390442e+00	0.000000e+00	9.933730e-06
1.212845115390442e+00	0.000000e+00	9.988515e-06
1.234329490390442e+00	0.000000e+00	9.961122e-06
1.240188865390442e+00	0.000000e+00	9.933730e-06
1.246048240390442e+00	0.000000e+00	9.988515e-06
1.251907615390442e+00	0.000000e+00	9.933730e-06
1.255813865390442e+00	0.000000e+00	9.961122e-06
1.257766990390442e+00	0.000000e+00	9.933731e-06
1.263626365390442e+00	0.000000e+00	9.988515e-06
1.267532615390442e+00	0.000000e+00	9.933730e-06
1.273391990390442e+00	0.000000e+00	9.988515e-06
1.274787079676157e+00	0.000000e+00	9.997738e-06
1.276182168961871e+00	0.000000e+00	9.999974e-06
1.277577258247585e+00	0.000000e+00	9.995223e-06
1.278972347533300e+00	0.000000e+00	9.983483e-06
1.280367436819014e+00	0.000000e+00	9.964756e-06
1.281762526104728e+00	0.000000e+00	9.939041e-06
1.283157615390442e+00	0.000000e+00	9.906339e-06
1.285110740390442e+00	0.000000e+00	9.906339e-06
1.289016990390442e+00	0.000000e+00	9.988515e-06
1.291528151104728e+00	0.000000e+00	9.996150e-06
1.294039311819014e+00	0.000000e+00	9.998631e-06
1.296550472533300e+00	0.000000e+00	9.995959e-06
1.299061633247585e+00	0.000000e+00	9.988133e-06
1.301572793961871e+00	0.000000e+00	9.975153e-06
1.304083954676157e+00	0.000000e+00	9.957018e-06
1.306595115390442e+00	0.000000e+00	9.933730e-06
1.310501365390442e+00	0.000000e+00	9.961122e-06
1.312454490390442e+00	0.000000e+00	9.933731e-06
1.318313865390442e+00	0.000000e+00	9.988515e-06
1.322220115390442e+00	0.000000e+00	9.933730e-06
1.328079490390442e+00	0.000000e+00	9.988515e-06
1.333938865390442e+00	0.000000e+00	9.961122e-06
1.335891990390442e+00	0.000000e+00	9.933731e-06
1.341751365390442e+00	0.000000e+00	9.988515e-06
1.345657615390442e+00	0.000000e+00	9.933730e-06
1.351516990390442e+00	0.000000e+00	9.988515e-06
1.352912079676157e+00	0.000000e+00	9.993589e-06
1.354307168961871e+00	0.000000e+00	9.994363e-06
1.355702258247585e+00	0.000000e+00	9.990837e-06
1.357097347533300e+00	0.000000e+00	9.983011e-06
1.358492436819014e+00	0.000000e+00	9.970884e-06
1.359887526104728e+00	0.000000e+00	9.954457e-06
1.361282615390442e+00	0.000000e+00	9.933730e-06
1.367141990390442e+00	0.000000e+00	9.988515e-06
1.368537079676157e+00	0.000000e+00	9.997738e-06
1.369932168961871e+00	0.000000e+00	9.999974e-06
1.371327258247585e+00	0.000000e+00	9.995223e-06
1.372722347533300e+00	0.000000e+00	9.983483e-06
1.374117436819014e+00	0.000000e+00	9.964756e-06
1.375512526104728e+00	0.000000e+00	9.939041e-06
1.376907615390442e+00	0.000000e+00	9.906339e-06
1.378860740390442e+00	0.000000e+00	9.906339e-06
1.382766990390442e+00	0.000000e+00	9.988515e-06
1.384162079676157e+00	0.000000e+00	9.993589e-06
1.385557168961871e+00	0.000000e+00	9.994363e-06
1.386952258247585e+00	0.000000e+00	9.990837e-06
1.388347347533300e+00	0.000000e+00	9.983011e-06
1.389742436819014e+00	0.000000e+00	9.970884e-06
1.391137526104728e+00	0.000000e+00	9.954457e-06
1.392532615390442e+00	0.000000e+00	9.933730e-06
1.396438865390442e+00	0.000000e+00	9.988515e-06
1.400345115390442e+00	0.000000e+00	9.933730e-06
1.406204490390442e+00	0.000000e+00	9.988515e-06
1.408436633247585e+00	0.000000e+00	9.965711e-06
1.410668776104728e+00	0.000000e+00	9.950509e-06
1.412900918961871e+00	0.000000e+00	9.942908e-06
1.415133061819014e+00	0.000000e+00	9.942908e-06
1.417365204676157e+00	0.000000e+00	9.950509e-06
1.419597347533300e+00	0.000000e+00	9.965711e-06
1.421829490390442e+00	0.000000e+00	9.988515e-06
1.424898686819014e+00	0.000000e+00	9.996566e-06
1.427967883247585e+00	0.000000e+00	9.999324e-06
1.431037079676157e+00	0.000000e+00	9.996790e-06
1.434106276104728e+00	0.000000e+00	9.988964e-06
1.437175472533300e+00	0.000000e+00	9.975845e-06
1.440244668961871e+00	0.000000e+00	9.957434e-06
1.443313865390442e+00	0.000000e+00	9.933730e-06
1.447220115390442e+00	0.000000e+00	9.961122e-06
1.449173240390442e+00	0.000000e+00	9.933730e-06
1.453079490390442e+00	0.000000e+00	9.961122e-06
1.455032615390442e+00	0.000000e+00	9.933730e-06
1.460891990390442e+00	0.000000e+00	9.988515e-06
1.463124133247585e+00	0.000000e+00	9.995825e-06
1.465356276104728e+00	0.000000e+00	9.998090e-06
1.467588418961871e+00	0.000000e+00	9.995309e-06
1.469820561819014e+00	0.000000e+00	9.987482e-06
1.472052704676157e+00	0.000000e+00	9.974611e-06
1.474284847533300e+00	0.000000e+00	9.956693e-06
1.476516990390442e+00	0.000000e+00	9.933730e-06
1.482376365390442e+00	0.000000e+00	9.988515e-06
1.486282615390442e+00	0.000000e+00	9.906339e-06
1.488235740390442e+00	0.000000e+00	9.906339e-06
1.492141990390442e+00	0.000000e+00	9.988515e-06
1.513626365390442e+00	0.000000e+00	9.961122e-06
1.515579490390442e+00	0.000000e+00	9.933730e-06
1.521438865390442e+00	0.000000e+00	9.988515e-06
1.522833954676157e+00	0.000000e+00	9.993589e-06
1.524229043961871e+00	0.000000e+00	9.994363e-06
1.525624133247585e+00	0.000000e+00	9.990837e-06
1.527019222533300e+00	0.000000e+00	9.983011e-06
1.528414311819014e+00	0.000000e+00	9.970884e-06
1.529809401104728e+00	0.000000e+00	9.954457e-06
1.531204490390442e+00	0.000000e+00	9.933730e-06
1.537063865390442e+00	0.000000e+00	9.988515e-06
1.540970115390442e+00	0.000000e+00	9.933730e-06
1.546829490390442e+00	0.000000e+00	9.988515e-06
1.548503597533300e+00	0.000000e+00	9.994675e-06
1.550177704676157e+00	0.000000e+00	9.996173e-06
1.551851811819014e+00	0.000000e+00	9.993008e-06
1.553525918961871e+00	0.000000e+00	9.985182e-06
1.555200026104728e+00	0.000000e+00	9.972694e-06
1.556874133247585e+00	0.000000e+00	9.955543e-06
1.558548240390442e+00	0.000000e+00	9.933730e-06
1.564407615390442e+00	0.000000e+00	9.988515e-06
1.565802704676157e+00	0.000000e+00	9.993589e-06
1.567197793961871e+00	0.000000e+00	9.994363e-06
1.568592883247585e+00	0.000000e+00	9.990837e-06
1.569987972533300e+00	0.000000e+00	9.983011e-06
1.571383061819014e+00	0.000000e+00	9.970884e-06
1.572778151104728e+00	0.000000e+00	9.954457e-06
1.574173240390442e+00	0.000000e+00	9.933730e-06
1.580032615390442e+00	0.000000e+00	9.988515e-06
1.585891990390442e+00	0.000000e+00	9.933730e-06
1.591751365390442e+00	0.000000e+00	9.988515e-06
1.597610740390442e+00	0.000000e+00	9.933730e-06
1.603470115390442e+00	0.000000e+00	9.988515e-06
1.604865204676157e+00	0.000000e+00	9.993589e-06
1.606260293961871e+00	0.000000e+00	9.994363e-06
1.607655383247585e+00	0.000000e+00	9.990837e-06
1.609050472533300e+00	0.000000e+00	9.983011e-06
1.610445561819014e+00	0.000000e+00	9.970884e-06
1.611840651104728e+00	0.000000e+00	9.954457e-06
1.613235740390442e+00	0.000000e+00	9.933730e-06
1.619095115390442e+00	0.000000e+00	9.988515e-06
1.621327258247585e+00	0.000000e+00	9.995825e-06
1.623559401104728e+00	0.000000e+00	9.998090e-06
1.625791543961871e+00	0.000000e+00	9.995309e-06
1.628023686819014e+00	0.000000e+00	9.987482e-06
1.630255829676157e+00	0.000000e+00	9.974611e-06
1.632487972533300e+00	0.000000e+00	9.956693e-06
1.634720115390442e+00	0.000000e+00	9.933730e-06
1.638626365390442e+00	0.000000e+00	9.961122e-06
1.640579490390442e+00	0.000000e+00	9.933730e-06
1.644485740390442e+00	0.000000e+00	9.961122e-06
1.646438865390442e+00	0.000000e+00	9.933730e-06
1.652298240390442e+00	0.000000e+00	9.988515e-06
1.656204490390442e+00	0.000000e+00	9.933730e-06
1.660110740390442e+00	0.000000e+00	9.961122e-06
1.662063865390442e+00	0.000000e+00	9.933730e-06
1.667923240390442e+00	0.000000e+00	9.988515e-06
1.673782615390442e+00	0.000000e+00	9.933730e-06
1.679641990390442e+00	0.000000e+00	9.988515e-06
1.683548240390442e+00	0.000000e+00	9.933730e-06
1.689407615390442e+00	0.000000e+00	9.988515e-06
1.690802704676157e+00	0.000000e+00	9.993589e-06
1.692197793961871e+00	0.000000e+00	9.994363e-06
1.693592883247585e+00	0.000000e+00	9.990837e-06
1.694987972533300e+00	0.000000e+00	9.983011e-06
1.696383061819014e+00	0.000000e+00	9.970884e-06
1.697778151104728e+00	0.000000e+00	9.954457e-06
1.699173240390442e+00	0.000000e+00	9.933730e-06
1.705032615390442e+00	0.000000e+00	9.988515e-06
1.730423240390442e+00	0.000000e+00	9.961122e-06
1.732376365390442e+00	0.000000e+00	9.933730e-06
1.736282615390442e+00	0.000000e+00	9.961122e-06
1.737956722533300e+00	0.000000e+00	9.934965e-06
1.739630829676157e+00	0.000000e+00	9.918832e-06
1.741304936819014e+00	0.000000e+00	9.912721e-06
1.742979043961871e+00	0.000000e+00	9.916634e-06
1.744653151104728e+00	0.000000e+00	9.930571e-06
1.746327258247585e+00	0.000000e+00	9.954531e-06
1.748001365390442e+00	0.000000e+00	9.988515e-06
1.753860740390442e+00	0.000000e+00	9.933730e-06
1.757766990390442e+00	0.000000e+00	9.961122e-06
1.763626365390442e+00	0.000000e+00	9.933730e-06
1.767532615390442e+00	0.000000e+00	9.961122e-06
1.769485740390442e+00	0.000000e+00	9.933730e-06
1.775345115390442e+00	0.000000e+00	9.988515e-06
1.779251365390442e+00	0.000000e+00	9.933730e-06
1.785110740390442e+00	0.000000e+00	9.988515e-06
1.790970115390442e+00	0.000000e+00	9.933730e-06
1.794876365390442e+00	0.000000e+00	9.961122e-06
1.796829490390442e+00	0.000000e+00	9.933730e-06
1.802688865390442e+00	0.000000e+00	9.988515e-06
1.805758061819014e+00	0.000000e+00	9.991273e-06
1.808827258247585e+00	0.000000e+00	9.990503e-06
1.811896454676157e+00	0.000000e+00	9.986205e-06
1.814965651104728e+00	0.000000e+00	9.978379e-06
1.818034847533300e+00	0.000000e+00	9.967024e-06
1.821104043961871e+00	0.000000e+00	9.952141e-06
1.824173240390442e+00	0.000000e+00	9.933730e-06
1.830032615390442e+00	0.000000e+00	9.988515e-06
1.835891990390442e+00	0.000000e+00	9.933730e-06
1.841751365390442e+00	0.000000e+00	9.988515e-06
1.845657615390442e+00	0.000000e+00	9.933730e-06
1.851516990390442e+00	0.000000e+00	9.988515e-06
1.855423240390442e+00	0.000000e+00	9.933730e-06
1.861282615390442e+00	0.000000e+00	9.988515e-06
1.886673240390442e+00	0.000000e+00	9.961122e-06
1.892532615390442e+00	0.000000e+00	9.933730e-06
1.896438865390442e+00	0.000000e+00	9.988515e-06
1.900345115390442e+00	0.000000e+00	9.933730e-06
1.906204490390442e+00	0.000000e+00	9.988515e-06
1.910110740390442e+00	0.000000e+00	9.933730e-06
1.914016990390442e+00	0.000000e+00	9.961122e-06
1.915970115390442e+00	0.000000e+00	9.933730e-06
1.919876365390442e+00	0.000000e+00	9.961122e-06
1.921829490390442e+00	0.000000e+00	9.933730e-06
1.925735740390442e+00	0.000000e+00	9.961122e-06
1.931595115390442e+00	0.000000e+00	9.933730e-06
1.937454490390442e+00	0.000000e+00	9.988515e-06
1.941360740390442e+00	0.000000e+00	9.933730e-06
1.947220115390442e+00	0.000000e+00	9.988515e-06
1.953079490390442e+00	0.000000e+00	9.933730e-06
1.956985740390442e+00	0.000000e+00	9.961122e-06
1.958659847533300e+00	0.000000e+00	9.934965e-06
1.960333954676157e+00	0.000000e+00	9.918832e-06
1.962008061819014e+00	0.000000e+00	9.912721e-06
1.963682168961871e+00	0.000000e+00	9.916634e-06
1.965356276104728e+00	0.000000e+00	9.930571e-06
1.967030383247585e+00	0.000000e+00	9.954531e-06
1.968704490390442e+00	0.000000e+00	9.988515e-06
1.974563865390442e+00	0.000000e+00	9.933730e-06
1.978470115390442e+00	0.000000e+00	9.961122e-06
1.980423240390442e+00	0.000000e+00	9.933730e-06
1.986282615390442e+00	0.000000e+00	9.988515e-06
1.992141990390442e+00	0.000000e+00	9.933730e-06
1.998001365390442e+00	0.000000e+00	9.988515e-06
1.999954490390442e+00	0.000000e+00	1.001433e-05
2.000000000000000e+00	0.000000e+00	1.004120e-05
